% robot dimensions
par.torso_width = 111.490833/1000;
par.pelvis_width = 135.213424/1000;
par.pelvis_depth = 207.340833/1000;
par.upper_length = 467.447184/1000;
par.lower_length = 567.470264/1000;

par.joint_limit_max = [-20 -109 -3 -23 -109 -3]/180*pi;
par.joint_limit_min = [23 21 121 20 21 121]/180*pi;